apps/desktop/src-tauri/Cargo.lock
  s_42000bd424f7f1::t_de6347c111aa44 22,24,28,30,153,155,164,166,262,267,269,271,273,278,280,294,296,300,315,317,328,436,438,449,451,454,459,461,483,494,536,581,583,620,648,650,761,763,806,864,1207,1209,1276,1278,1280,1286,1310,1467,1469,1523,1609,1611,1620,1622,1627,1632,1634,1642,1644,1701,1703,1731,1733,1794,1796,1809,1828-1833,1907,2139,2402,2422,2577,2579,2643,2678,2701,2703,2722,2724,2729,2788,2790,2800,2802,2932,2934,2958,2976,2978,2996,3009,3033,3035,3072,3084,3086,3105,3107,3114,3123,3132,3134,3146,3148,3162,3171,3173,3197,3199,3225,3264,3266,3268,3284,3286,3290,3528,3530,3544,3568,3570,3593,3595,3597,3698,3700,3711,3713,3716,3722,3724,3732,3734,3739,3745,3747,3767-3777,3779,3843,3845,3850,3866,3868,3870,3872,3908,3910,3916,3918,3924,3926,3929,3936,3938,3940,3951-3953,3958,3960,3962-3963,3997,3999,4001-4002,4011,4020,4047,4083,4085,4087,4096,4231,4233,4262,4268,4313,4334,4368
bun.lock
  s_42000bd424f7f1::t_b8683120f8ec69 372,376,380-381,404-405,407,409,416,418-420,424,428,434-437,439-441,449,451,453,455,457,459,461,463,465,467,469,471,473,475,477,479,481,483,485,487,489,551,555,557,559,561,565,575,577,579,581,583,585,645,657,661,707,709,711,713,715,717,719,721,723,725,727,729,731,733,735,737,741,743,745,747,749,789,791,793,795,797,799,801,803,805,807,809,811,813,815,817,819,821,823,825,827,829,831,833,835,837,839,841,843,845,847,849,851,853,855,857,859,861,863,865,867,869,871,873,875,877,879,881,883,885,887,889,891,893,895,897,899,901,903,905,907,909,911,913,945,947,949,951,953,955,957,959,961,963,965,967,969,971,973,985,991,993,995,1065,1067,1069,1071,1073,1077,1079,1081,1085,1089,1091,1093,1099,1101,1103,1105,1107,1109,1111,1113,1115,1117,1119,1121,1123,1157,1211-1215,1217,1219,1221,1223,1225,1227,1229,1231,1233,1275,1277,1279,1281,1283,1285,1287,1289,1347,1367,1379,1395,1399,1403,1407,1421,1509,1511,1513,1567-1571,1605,1619,1631,1633,1639,1647,1733,1737,1755,1767,1783,1805,1809,1811,1813,1815,1859,1871-1872,1881,1903,1915,1929,1953,1955,2001,2013,2015,2033,2035,2041,2049,2071,2073,2077,2091,2099,2127,2131,2137,2147,2149,2151,2157,2169,2171,2173,2185,2193,2195,2197,2199,2201-2203,2207-2209,2219-2224,2233-2235,2237,2245-2246,2253,2255,2263,2265,2267,2271-2272,2275-2276,2279-2285,2287,2289-2319
docs/architecture/tooling.md
  s_42000bd424f7f1::t_f4d163cdee5dd5 35-44,198-203
docs/development/testing.md
  s_42000bd424f7f1::t_ddaf2647c05169 135-136
package.json
  s_42000bd424f7f1::t_021bc5486474d6 14,19-20,40-41,43,45,53-55,59,64-65,70-71,73-77,138
packages/scripts/src/runtime/action.test.ts
  s_42000bd424f7f1::t_e3fe1c8a052d67 16
---
{
  "schema_version": "authorship/3.0.0",
  "git_ai_version": "1.7.4",
  "base_commit_sha": "7cbad1d9d28ce926fb41e9f77c850931e6054b80",
  "prompts": {},
  "sessions": {
    "s_42000bd424f7f1": {
      "agent_id": {
        "tool": "codex",
        "id": "01a0dccd-191c-7873-8de7-68e3da9f2daf",
        "model": "unknown"
      },
      "human_author": "Zack <lorenx@163.com>"
    }
  }
}